0.0   3.396710455417633
0.0   2.213176980614662
0.0   -4.231173323467374
0.0   -0.06954282522201538
0.0   -3.6357834078371525
0.0   0.16483734548091888
0.0   1.3879575729370117
0.0   -4.582599379122257
0.0   -3.9581395220011473
0.0   -1.6305252835154533
0.0   11.449890613555908
0.0   -0.16374483704566956
0.0   -3.231322909705341
0.0   -4.95851599983871
0.0   1.8390699625015259
0.0   -3.345156002789736
0.0   2.4080196768045425
0.0   0.8589814901351929
0.0   5.332776516675949
0.0   3.712913542985916
0.0   -1.7394778281450272
0.0   2.1181889474391937
0.0   2.0151287615299225
0.0   1.9548487067222595
0.0   8.637394845485687
0.0   6.085758671164513
0.0   -1.081839494407177
0.0   -1.337520956993103
1.0   36.98455968685448
1.0   30.071480739861727
1.0   34.03842736314982
1.0   36.032515689730644
1.0   29.070723444223404
1.0   19.277637600898743
1.0   38.50307219475508
1.0   48.48884963989258
1.0   30.62788002192974
1.0   28.172024726867676
1.0   5.480194449424744
1.0   34.95746826007962
1.0   40.356989689171314
1.0   26.93050477653742
1.0   7.793557703495026
1.0   24.471964918076992
1.0   28.75265772640705
1.0   22.072267156094313
1.0   16.735487520694733
1.0   18.9689872674644
1.0   24.59468372911215
1.0   15.888403598219156
1.0   10.670614384114742
1.0   22.704863853752613
1.0   16.974623560905457
1.0   28.03929318115115
1.0   28.827424470335245
1.0   14.881714433431625
1.0   19.857334852218628
1.0   17.538666643202305
1.0   6.773641228675842
1.0   14.350379966199398
1.0   20.331537377089262
1.0   10.195573687553406
1.0   -0.10264980792999268
1.0   20.782219156622887
1.0   20.82852330803871
1.0   35.36746782436967
1.0   21.143736869096756
1.0   21.756721414625645
1.0   22.91505574155599
1.0   1.160290777683258
1.0   18.281019739806652
1.0   12.54033975303173
1.0   13.909400941804051
1.0   20.028210546821356
1.0   20.814291018992662
1.0   19.720184952020645
1.0   32.56125444918871
1.0   33.91973531618714
1.0   31.58770024124533
1.0   30.189375203102827
1.0   33.03326795808971
1.0   22.387260291725397
1.0   35.350508861243725
1.0   24.224297392182052
1.0   25.037357408553362
1.0   17.22882690280676
1.0   26.957505729980767
1.0   23.132791813462973
1.0   -2.189734011888504
1.0   -4.796065619215369
1.0   -3.1896577328443527
1.0   -5.132153655402362
1.0   0.06005445122718811
1.0   9.794143378734589
1.0   -3.7945382073521614
1.0   2.470364987850189
1.0   16.320654928684235
1.0   -5.155419465154409
1.0   25.774255387485027
1.0   8.869050234556198
1.0   17.20847114920616
1.0   14.818402349948883
1.0   2.4442456662654877
1.0   24.043332248926163
1.0   20.86521166563034
1.0   6.2583067417144775
1.0   4.399592339992523
